00000000001100010000001110110011
01000000101100111000011110110011
00000000001100010000001110110011
00000000001100010000001110110011
00000000001100010000001110110011
00000000001100010000001110110011
00000000001100010000001110110011
00000000001100010000001110110011
00000000001100010000001110110011
00000000001100010000001110110011
00000000001100010000001110110011
00000000001100010000001110110011
00000000001100010000001110110011
00000000001100010000001110110011
00000000001100010000001110110011
00000000001100010000001110110011
00000000001100010000001110110011
00000000001100010000001110110011
00000000001100010000001110110011
00000000001100010000001110110011
00000000001100010000001110110011
00000000001100010000001110110011
00000000001100010000001110110011
00000000001100010000001110110011
00000000001100010000001110110011
00000000001100010000001110110011
00000000001100010000001110110011
00000000001100010000001110110011
00000000001100010000001110110011
00000000001100010000001110110011
00000000001100010000001110110011
00000000001100010000001110110011
00000000001100010000001110110011
00000000001100010000001110110011
00000000001100010000001110110011
00000000001100010000001110110011
00000000001100010000001110110011
00000000001100010000001110110011
00000000001100010000001110110011
00000000001100010000001110110011
00000000001100010000001110110011
00000000001100010000001110110011
00000000001100010000001110110011
00000000001100010000001110110011
00000000001100010000001110110011
00000000001100010000001110110011
00000000001100010000001110110011
00000000001100010000001110110011
00000000001100010000001110110011
00000000001100010000001110110011
00000000001100010000001110110011
00000000001100010000001110110011
00000000001100010000001110110011
00000000001100010000001110110011
00000000001100010000001110110011
00000000001100010000001110110011
00000000001100010000001110110011
00000000001100010000001110110011
00000000001100010000001110110011
00000000001100010000001110110011
00000000001100010000001110110011
00000000001100010000001110110011
00000000001100010000001110110011
00000000001100010000001110110011
00000000001100010000001110110011
00000000001100010000001110110011
00000000001100010000001110110011
00000000001100010000001110110011
00000000001100010000001110110011
00000000001100010000001110110011
00000000001100010000001110110011
00000000001100010000001110110011
00000000001100010000001110110011
00000000001100010000001110110011
00000000001100010000001110110011
00000000001100010000001110110011
00000000001100010000001110110011
00000000001100010000001110110011
00000000001100010000001110110011
00000000001100010000001110110011
00000000001100010000001110110011
00000000001100010000001110110011
00000000001100010000001110110011
00000000001100010000001110110011
00000000001100010000001110110011
00000000001100010000001110110011
00000000001100010000001110110011
00000000001100010000001110110011
00000000001100010000001110110011
00000000001100010000001110110011
00000000001100010000001110110011
00000000001100010000001110110011
00000000001100010000001110110011
00000000001100010000001110110011
00000000001100010000001110110011
00000000001100010000001110110011
00000000001100010000001110110011
00000000001100010000001110110011
00000000001100010000001110110011
00000000001100010000001110110011
00000000001100010000001110110011
00000000001100010000001110110011
00000000001100010000001110110011
00000000001100010000001110110011
00000000001100010000001110110011
00000000001100010000001110110011
00000000001100010000001110110011
00000000001100010000001110110011
00000000001100010000001110110011
00000000001100010000001110110011
00000000001100010000001110110011
00000000001100010000001110110011
00000000001100010000001110110011
00000000001100010000001110110011
00000000001100010000001110110011
00000000001100010000001110110011
00000000001100010000001110110011
00000000001100010000001110110011
00000000001100010000001110110011
00000000001100010000001110110011
00000000001100010000001110110011
00000000001100010000001110110011
00000000001100010000001110110011
00000000001100010000001110110011
00000000001100010000001110110011
00000000001100010000001110110011
00000000001100010000001110110011
00000000001100010000001110110011

