00000000000000010100100100001000
00000000000000001000001101100101
00000000000000001100010001110001
00000000000000000110101000011011
00000000000000010101011100101101
00000000000000001111010101110111
00000000000000010110011011111111
00000000000000010111111101110000
00000000000000010111110000011100
00000000000000001110000011000010
00000000000000001010010111100010
00000000000000001111000101010011
00000000000000010110111000100001
00000000000000010110010101100010
00000000000000010111111000001001
00000000000000000100000000000100
00000000000000001100001011101110
00000000000000000111011111111101
00000000000000001011011000100110
00000000000000001110110110100101
00000000000000001100000110110100
00000000000000010011000111100001
00000000000000000000100101010111
00000000000000010100111000110110
00000000000000010001010101100101
00000000000000010110000001111110
00000000000000000100000101110110
00000000000000000100001100011101
00000000000000001011101000011110
00000000000000010101111110011110
00000000000000000100100111011001
00000000000000000010110001110100
00000000000000010100111101111111
00000000000000001001010111100100
00000000000000000010001011100011
00000000000000001111001011110010
00000000000000010111100000100110
00000000000000000100111101001011
00000000000000010011111010001011
00000000000000000111101000111010
00000000000000010111010100110000
00000000000000001101100011111101
00000000000000010000001100010110
00000000000000001000001101101001
00000000000000010110111100011110
00000000000000001001100101011101
00000000000000010000011001110001
00000000000000000101110010111011
00000000000000001101000010100010
00000000000000010101100101110010
00000000000000010011110001101111
00000000000000010000101101010111
00000000000000010011101000110110
00000000000000000111000001001101
00000000000000000000101000110001
00000000000000010000110000011101
00000000000000000111011110011010
00000000000000001011010001101000
00000000000000000010110000010101
00000000000000000010110101011101
00000000000000000101000000001011
00000000000000000100010101000011
00000000000000010110100001001100
00000000000000001011101100000010
00000000000000010100111111000111
00000000000000000000010100110100
00000000000000010111110101011101
00000000000000010010011111100111
00000000000000010000011101001110
00000000000000010111011001110001
00000000000000001100111111101110
00000000000000000100111110011100
00000000000000010000010110111101
00000000000000000110000101010011
00000000000000000111100100101111
00000000000000010111011001100001
00000000000000010010111010011001
00000000000000000010011010010100
00000000000000000010110110010100
00000000000000001110010110101101
00000000000000010110010101111111
00000000000000000111010000100011
00000000000000001001111001001101
00000000000000010101010100011000
00000000000000000110100010100000
00000000000000000000000100110111
00000000000000001001011100101001
00000000000000001101110110110000
00000000000000010110100110001000
00000000000000010111110110001010
00000000000000000011111100001101
00000000000000000010001100000011
00000000000000010010010100001100
00000000000000000000101100110000
00000000000000000101011000010001
00000000000000001110111010111001
00000000000000010001000010111010
00000000000000000100100010010010
00000000000000000101110011100000
00000000000000010111111001101011
00000000000000000000010111110001
00000000000000011000001011110100
00000000000000000000011000110001
00000000000000010100011111111100
00000000000000010111101100001011
00000000000000000110001110100000
00000000000000001001101001001101
00000000000000010111011101110110
00000000000000010011110100111111
00000000000000000011011001010001
00000000000000010110011011011000
00000000000000001110011111011001
00000000000000001111010110001100
00000000000000001010000111000100
00000000000000010101001011111011
00000000000000000111111000010010
00000000000000000101000110100011
00000000000000000101010111101100
00000000000000001010101011110110
00000000000000000000010000100001
00000000000000000110000111101000
00000000000000000000000010011100
00000000000000010100111000000011
00000000000000000100110001100101
00000000000000001110101011111000
00000000000000001011001010100011
00000000000000000101100101101001
00000000000000001110001010011000
